Oscilloscope Data File
Experiment Time :   16-12-2016 01:36:30
Number of frames: 174489

Module: E-14-140M (1D905555)

Number Of Channels : 10
Input Rate In kHz: 18.181818
Input Time In Sec: 9.596895
Decimation: 100
Number of frames after Decimation: 1744
Data Format: Calibr
Time markers scale: ñåêóíäû
GPS time=00:00:00 00-00-0000
GPS latitude=, latitude h=0
GPS longitude=, longitude h=0
Segments: 1
Data as Time Sequence:
                    Ch  1      Ch  2  
                 ÑÂÄ,       ÑÑÄ,      

        0.000 ,       249,       251
        0.006 ,       249,       251
        0.011 ,       249,       251
        0.017 ,       249,       251
        0.022 ,       249,       251
        0.028 ,       249,       251
        0.033 ,       249,       251
        0.039 ,       249,       251
        0.044 ,       249,       251
        0.050 ,       249,       251
        0.055 ,       248,       251
        0.061 ,       249,       251
        0.066 ,       249,       251
        0.072 ,       249,       251
        0.077 ,       248,       251
        0.083 ,       249,       251
        0.088 ,       249,       251
        0.094 ,       247,       251
        0.099 ,       249,       251
        0.105 ,       249,       251
        0.110 ,       250,       250
        0.116 ,       248,       251
        0.121 ,       248,       251
        0.127 ,       249,       251
        0.132 ,       249,       250
        0.138 ,       247,       251
        0.143 ,       248,       251
        0.149 ,       249,       251
        0.154 ,       249,       250
        0.160 ,       247,       251
        0.165 ,       248,       251
        0.171 ,       249,       251
        0.176 ,       250,       251
        0.182 ,       248,       251
        0.187 ,       248,       251
        0.193 ,       249,       251
        0.198 ,       249,       251
        0.204 ,       249,       251
        0.209 ,       248,       251
        0.215 ,       249,       251
        0.220 ,       250,       251
        0.226 ,       249,       251
        0.231 ,       249,       251
        0.237 ,       250,       251
        0.242 ,       247,       251
        0.248 ,       248,       251
        0.253 ,       249,       251
        0.259 ,       249,       250
        0.264 ,       249,       251
        0.270 ,       249,       251
        0.275 ,       249,       251
        0.281 ,       250,       251
        0.286 ,       249,       251
        0.292 ,       249,       251
        0.297 ,       250,       251
        0.303 ,       249,       251
        0.308 ,       249,       251
        0.314 ,       249,       251
        0.319 ,       249,       250
        0.325 ,       247,       251
        0.330 ,       248,       251
        0.336 ,       249,       251
        0.341 ,       250,       251
        0.347 ,       249,       251
        0.352 ,       248,       251
        0.358 ,       249,       251
        0.363 ,       250,       251
        0.369 ,       249,       251
        0.374 ,       249,       251
        0.380 ,       250,       250
        0.385 ,       247,       251
        0.391 ,       249,       251
        0.396 ,       249,       251
        0.402 ,       250,       251
        0.407 ,       248,       251
        0.413 ,       248,       251
        0.418 ,       249,       251
        0.424 ,       250,       251
        0.429 ,       249,       251
        0.435 ,       249,       251
        0.440 ,       249,       250
        0.446 ,       248,       251
        0.451 ,       249,       251
        0.457 ,       250,       250
        0.462 ,       248,       251
        0.468 ,       248,       251
        0.473 ,       249,       251
        0.479 ,       248,       251
        0.484 ,       249,       251
        0.490 ,       249,       251
        0.495 ,       249,       250
        0.501 ,       248,       251
        0.506 ,       249,       251
        0.512 ,       250,       250
        0.517 ,       248,       251
        0.523 ,       249,       251
        0.528 ,       250,       251
        0.534 ,       249,       251
        0.539 ,       249,       251
        0.545 ,       249,       251
        0.550 ,       250,       251
        0.556 ,       249,       251
        0.561 ,       248,       251
        0.567 ,       250,       251
        0.572 ,       248,       251
        0.578 ,       248,       251
        0.583 ,       249,       251
        0.589 ,       250,       250
        0.594 ,       248,       250
        0.600 ,       248,       251
        0.605 ,       249,       251
        0.611 ,       249,       250
        0.616 ,       248,       251
        0.622 ,       249,       251
        0.627 ,       249,       251
        0.633 ,       250,       251
        0.638 ,       248,       251
        0.644 ,       248,       251
        0.649 ,       250,       251
        0.655 ,       249,       250
        0.660 ,       248,       251
        0.666 ,       249,       251
        0.671 ,       249,       251
        0.677 ,       250,       251
        0.682 ,       248,       251
        0.688 ,       248,       251
        0.693 ,       249,       251
        0.699 ,       250,       251
        0.704 ,       248,       251
        0.710 ,       248,       251
        0.715 ,       249,       251
        0.721 ,       249,       250
        0.726 ,       248,       251
        0.732 ,       248,       251
        0.737 ,       249,       251
        0.743 ,       250,       251
        0.748 ,       248,       251
        0.754 ,       249,       251
        0.759 ,       250,       251
        0.765 ,       249,       251
        0.770 ,       248,       251
        0.776 ,       249,       251
        0.781 ,       249,       250
        0.787 ,       249,       251
        0.792 ,       249,       251
        0.798 ,       249,       251
        0.803 ,       248,       251
        0.809 ,       248,       251
        0.814 ,       249,       251
        0.820 ,       250,       250
        0.825 ,       248,       251
        0.831 ,       249,       251
        0.836 ,       249,       251
        0.842 ,       247,       251
        0.847 ,       248,       251
        0.853 ,       249,       251
        0.858 ,       250,       251
        0.864 ,       248,       251
        0.869 ,       248,       251
        0.875 ,       249,       251
        0.880 ,       250,       251
        0.886 ,       249,       251
        0.891 ,       249,       251
        0.897 ,       249,       251
        0.902 ,       247,       251
        0.908 ,       248,       251
        0.913 ,       249,       251
        0.919 ,       249,       250
        0.924 ,       248,       251
        0.930 ,       248,       251
        0.935 ,       249,       251
        0.941 ,       250,       251
        0.946 ,       247,       251
        0.952 ,       248,       251
        0.957 ,       249,       251
        0.963 ,       250,       250
        0.968 ,       248,       251
        0.974 ,       249,       251
        0.979 ,       249,       251
        0.985 ,       250,       251
        0.990 ,       248,       251
        0.996 ,       249,       251
        1.001 ,       249,       251
        1.007 ,       247,       251
        1.012 ,       248,       251
        1.018 ,       249,       251
        1.023 ,       249,       250
        1.029 ,       248,       251
        1.034 ,       249,       251
        1.040 ,       249,       251
        1.045 ,       250,       251
        1.051 ,       247,       251
        1.056 ,       248,       251
        1.062 ,       249,       251
        1.067 ,       250,       251
        1.073 ,       248,       251
        1.078 ,       248,       251
        1.084 ,       249,       251
        1.089 ,       250,       251
        1.095 ,       248,       251
        1.100 ,       248,       251
        1.106 ,       249,       251
        1.111 ,       250,       251
        1.117 ,       248,       251
        1.122 ,       249,       251
        1.128 ,       249,       251
        1.133 ,       250,       251
        1.139 ,       249,       251
        1.144 ,       249,       251
        1.150 ,       249,       251
        1.155 ,       249,       251
        1.161 ,       249,       251
        1.166 ,       249,       251
        1.172 ,       249,       250
        1.177 ,       248,       250
        1.183 ,       248,       251
        1.188 ,       249,       251
        1.194 ,       250,       251
        1.199 ,       248,       251
        1.205 ,       249,       251
        1.210 ,       249,       251
        1.216 ,       248,       251
        1.221 ,       249,       251
        1.227 ,       249,       251
        1.232 ,       249,       250
        1.238 ,       248,       251
        1.243 ,       249,       251
        1.249 ,       249,       251
        1.254 ,       250,       251
        1.260 ,       248,       251
        1.265 ,       248,       251
        1.271 ,       250,       251
        1.276 ,       250,       250
        1.282 ,       249,       251
        1.287 ,       248,       251
        1.293 ,       249,       251
        1.298 ,       250,       251
        1.304 ,       249,       251
        1.309 ,       248,       251
        1.315 ,       249,       251
        1.320 ,       250,       251
        1.326 ,       249,       251
        1.331 ,       249,       251
        1.337 ,       249,       251
        1.342 ,       249,       251
        1.348 ,       249,       251
        1.353 ,       249,       251
        1.359 ,       249,       251
        1.364 ,       247,       251
        1.370 ,       248,       251
        1.375 ,       249,       251
        1.381 ,       250,       250
        1.386 ,       248,       251
        1.392 ,       248,       251
        1.397 ,       249,       251
        1.403 ,       249,       251
        1.408 ,       248,       251
        1.414 ,       248,       251
        1.419 ,       249,       251
        1.425 ,       250,       251
        1.430 ,       249,       251
        1.436 ,       248,       251
        1.441 ,       249,       251
        1.447 ,       249,       250
        1.452 ,       249,       251
        1.458 ,       249,       251
        1.463 ,       249,       251
        1.469 ,       249,       251
        1.474 ,       248,       251
        1.480 ,       248,       251
        1.485 ,       249,       251
        1.491 ,       249,       251
        1.496 ,       248,       251
        1.502 ,       248,       251
        1.507 ,       249,       251
        1.513 ,       250,       251
        1.518 ,       247,       251
        1.524 ,       248,       251
        1.529 ,       249,       251
        1.535 ,       250,       250
        1.540 ,       248,       251
        1.546 ,       248,       251
        1.551 ,       249,       251
        1.557 ,       250,       251
        1.562 ,       248,       251
        1.568 ,       248,       251
        1.573 ,       249,       251
        1.579 ,       250,       250
        1.584 ,       247,       251
        1.590 ,       248,       251
        1.595 ,       249,       251
        1.601 ,       249,       251
        1.606 ,       248,       251
        1.612 ,       249,       251
        1.617 ,       249,       251
        1.623 ,       249,       251
        1.628 ,       248,       251
        1.634 ,       248,       251
        1.639 ,       249,       251
        1.645 ,       250,       251
        1.650 ,       250,       251
        1.656 ,       249,       251
        1.661 ,       249,       251
        1.667 ,       250,       251
        1.672 ,       250,       250
        1.678 ,       247,       251
        1.683 ,       248,       251
        1.689 ,       250,       251
        1.694 ,       250,       251
        1.700 ,       248,       251
        1.705 ,       248,       251
        1.711 ,       249,       251
        1.716 ,       249,       250
        1.722 ,       248,       251
        1.727 ,       249,       251
        1.733 ,       249,       251
        1.738 ,       250,       251
        1.744 ,       247,       250
        1.749 ,       248,       251
        1.755 ,       249,       251
        1.760 ,       249,       251
        1.766 ,       247,       251
        1.771 ,       248,       251
        1.777 ,       249,       251
        1.782 ,       250,       251
        1.788 ,       249,       251
        1.793 ,       248,       251
        1.799 ,       249,       251
        1.804 ,       250,       251
        1.810 ,       250,       250
        1.815 ,       248,       251
        1.821 ,       248,       251
        1.826 ,       250,       251
        1.832 ,       250,       251
        1.837 ,       248,       251
        1.843 ,       248,       251
        1.848 ,       249,       251
        1.854 ,       249,       251
        1.859 ,       248,       251
        1.865 ,       248,       251
        1.870 ,       249,       251
        1.876 ,       250,       251
        1.881 ,       247,       251
        1.887 ,       248,       251
        1.892 ,       249,       251
        1.898 ,       249,       251
        1.903 ,       248,       250
        1.909 ,       249,       251
        1.914 ,       249,       251
        1.920 ,       250,       250
        1.925 ,       247,       251
        1.931 ,       248,       251
        1.936 ,       249,       251
        1.942 ,       250,       251
        1.947 ,       247,       251
        1.953 ,       248,       251
        1.958 ,       249,       251
        1.964 ,       249,       250
        1.969 ,       247,       251
        1.975 ,       248,       251
        1.980 ,       249,       251
        1.986 ,       250,       250
        1.991 ,       248,       250
        1.997 ,       249,       251
        2.002 ,       249,       251
        2.008 ,       249,       251
        2.013 ,       248,       251
        2.019 ,       249,       251
        2.024 ,       249,       251
        2.030 ,       250,       251
        2.035 ,       248,       251
        2.041 ,       249,       251
        2.046 ,       250,       251
        2.052 ,       249,       251
        2.057 ,       249,       251
        2.063 ,       249,       251
        2.068 ,       250,       250
        2.074 ,       248,       251
        2.079 ,       248,       251
        2.085 ,       249,       251
        2.090 ,       250,       251
        2.096 ,       247,       251
        2.101 ,       248,       251
        2.107 ,       249,       251
        2.112 ,       249,       251
        2.118 ,       248,       251
        2.123 ,       248,       251
        2.129 ,       249,       251
        2.134 ,       250,       251
        2.140 ,       248,       251
        2.145 ,       249,       251
        2.151 ,       249,       251
        2.156 ,       249,       251
        2.162 ,       248,       251
        2.167 ,       249,       251
        2.173 ,       249,       251
        2.178 ,       250,       251
        2.184 ,       247,       251
        2.189 ,       248,       251
        2.195 ,       250,       251
        2.200 ,       249,       250
        2.206 ,       248,       251
        2.211 ,       248,       251
        2.217 ,       249,       251
        2.222 ,       250,       251
        2.228 ,       247,       251
        2.233 ,       248,       251
        2.239 ,       249,       251
        2.244 ,       250,       250
        2.250 ,       248,       251
        2.255 ,       248,       251
        2.261 ,       249,       251
        2.266 ,       249,       250
        2.272 ,       248,       251
        2.277 ,       248,       251
        2.283 ,       249,       251
        2.288 ,       250,       251
        2.294 ,       247,       251
        2.299 ,       248,       251
        2.305 ,       249,       251
        2.310 ,       249,       251
        2.316 ,       247,       251
        2.321 ,       249,       251
        2.327 ,       249,       251
        2.332 ,       250,       251
        2.338 ,       249,       250
        2.343 ,       249,       251
        2.349 ,       249,       251
        2.354 ,       249,       251
        2.360 ,       250,       251
        2.365 ,       247,       251
        2.371 ,       248,       251
        2.376 ,       249,       251
        2.382 ,       249,       250
        2.387 ,       248,       251
        2.393 ,       249,       251
        2.398 ,       249,       251
        2.404 ,       250,       251
        2.409 ,       248,       251
        2.415 ,       248,       251
        2.420 ,       249,       251
        2.426 ,       250,       251
        2.431 ,       247,       251
        2.437 ,       248,       251
        2.442 ,       249,       251
        2.448 ,       250,       251
        2.453 ,       247,       251
        2.459 ,       248,       251
        2.464 ,       249,       251
        2.470 ,       250,       250
        2.475 ,       248,       251
        2.481 ,       249,       251
        2.486 ,       249,       251
        2.492 ,       250,       251
        2.497 ,       248,       251
        2.503 ,       249,       251
        2.508 ,       249,       251
        2.514 ,       248,       251
        2.519 ,       249,       251
        2.525 ,       249,       251
        2.530 ,       249,       251
        2.536 ,       250,       251
        2.541 ,       249,       251
        2.547 ,       248,       251
        2.552 ,       249,       251
        2.558 ,       250,       251
        2.563 ,       248,       251
        2.569 ,       248,       251
        2.574 ,       249,       251
        2.580 ,       249,       251
        2.585 ,       248,       251
        2.591 ,       248,       251
        2.596 ,       249,       251
        2.602 ,       249,       251
        2.607 ,       250,       251
        2.613 ,       248,       251
        2.618 ,       249,       251
        2.624 ,       249,       251
        2.629 ,       249,       251
        2.635 ,       248,       251
        2.640 ,       248,       251
        2.646 ,       249,       251
        2.651 ,       250,       250
        2.657 ,       247,       251
        2.662 ,       249,       251
        2.668 ,       249,       251
        2.673 ,       249,       251
        2.679 ,       249,       250
        2.684 ,       248,       251
        2.690 ,       249,       251
        2.695 ,       249,       251
        2.701 ,       249,       251
        2.706 ,       247,       251
        2.712 ,       249,       251
        2.717 ,       249,       251
        2.723 ,       250,       251
        2.728 ,       249,       250
        2.734 ,       249,       251
        2.739 ,       249,       251
        2.745 ,       249,       251
        2.750 ,       250,       250
        2.756 ,       247,       251
        2.761 ,       248,       251
        2.767 ,       249,       251
        2.772 ,       249,       251
        2.778 ,       249,       251
        2.783 ,       249,       251
        2.789 ,       249,       251
        2.794 ,       249,       251
        2.800 ,       250,       251
        2.805 ,       248,       251
        2.811 ,       249,       251
        2.816 ,       249,       251
        2.822 ,       249,       251
        2.827 ,       250,       251
        2.833 ,       248,       251
        2.838 ,       248,       251
        2.844 ,       249,       251
        2.849 ,       250,       250
        2.855 ,       247,       251
        2.860 ,       249,       251
        2.866 ,       249,       251
        2.871 ,       249,       251
        2.877 ,       249,       251
        2.882 ,       248,       251
        2.888 ,       248,       251
        2.893 ,       249,       251
        2.899 ,       250,       251
        2.904 ,       249,       251
        2.910 ,       249,       251
        2.915 ,       249,       251
        2.921 ,       250,       251
        2.926 ,       248,       251
        2.932 ,       248,       251
        2.937 ,       249,       251
        2.943 ,       250,       251
        2.948 ,       248,       251
        2.954 ,       249,       251
        2.959 ,       249,       251
        2.965 ,       249,       251
        2.970 ,       248,       251
        2.976 ,       248,       251
        2.981 ,       249,       251
        2.987 ,       249,       251
        2.992 ,       248,       250
        2.998 ,       248,       251
        3.003 ,       249,       251
        3.009 ,       250,       251
        3.014 ,       247,       251
        3.020 ,       249,       251
        3.025 ,       249,       251
        3.031 ,       249,       251
        3.036 ,       250,       251
        3.042 ,       248,       251
        3.047 ,       248,       251
        3.053 ,       249,       251
        3.058 ,       250,       250
        3.064 ,       249,       251
        3.069 ,       248,       251
        3.075 ,       248,       251
        3.080 ,       249,       251
        3.086 ,       250,       251
        3.091 ,       248,       251
        3.097 ,       248,       251
        3.102 ,       249,       251
        3.108 ,       249,       250
        3.113 ,       248,       251
        3.119 ,       248,       251
        3.124 ,       249,       251
        3.130 ,       250,       251
        3.135 ,       247,       251
        3.141 ,       248,       251
        3.146 ,       249,       251
        3.152 ,       249,       251
        3.157 ,       249,       251
        3.163 ,       248,       251
        3.168 ,       249,       251
        3.174 ,       249,       251
        3.179 ,       250,       251
        3.185 ,       248,       251
        3.190 ,       249,       251
        3.196 ,       250,       251
        3.201 ,       249,       250
        3.207 ,       249,       251
        3.212 ,       248,       251
        3.218 ,       249,       251
        3.223 ,       250,       251
        3.229 ,       248,       251
        3.234 ,       248,       251
        3.240 ,       249,       251
        3.245 ,       250,       251
        3.251 ,       248,       251
        3.256 ,       248,       251
        3.262 ,       249,       251
        3.267 ,       250,       250
        3.273 ,       247,       251
        3.278 ,       249,       251
        3.284 ,       249,       251
        3.289 ,       249,       251
        3.295 ,       249,       250
        3.300 ,       248,       251
        3.306 ,       249,       251
        3.311 ,       249,       251
        3.317 ,       250,       251
        3.322 ,       248,       251
        3.328 ,       248,       251
        3.333 ,       249,       251
        3.339 ,       250,       250
        3.344 ,       247,       251
        3.350 ,       249,       251
        3.355 ,       249,       251
        3.361 ,       249,       251
        3.366 ,       250,       251
        3.372 ,       249,       251
        3.377 ,       249,       251
        3.383 ,       249,       251
        3.388 ,       249,       251
        3.394 ,       248,       251
        3.399 ,       249,       251
        3.405 ,       249,       251
        3.410 ,       249,       251
        3.416 ,       250,       251
        3.421 ,       248,       251
        3.427 ,       249,       251
        3.432 ,       249,       251
        3.438 ,       249,       250
        3.443 ,       247,       251
        3.449 ,       249,       251
        3.454 ,       249,       251
        3.460 ,       249,       251
        3.465 ,       250,       251
        3.471 ,       249,       251
        3.476 ,       248,       251
        3.482 ,       250,       251
        3.487 ,       249,       251
        3.493 ,       248,       251
        3.498 ,       249,       251
        3.504 ,       249,       251
        3.509 ,       250,       251
        3.515 ,       247,       251
        3.520 ,       248,       251
        3.526 ,       249,       251
        3.531 ,       249,       250
        3.537 ,       248,       251
        3.542 ,       248,       251
        3.548 ,       249,       251
        3.553 ,       249,       251
        3.559 ,       250,       251
        3.564 ,       248,       251
        3.570 ,       249,       251
        3.575 ,       249,       251
        3.581 ,       249,       251
        3.586 ,       248,       251
        3.592 ,       248,       251
        3.597 ,       249,       251
        3.603 ,       250,       251
        3.608 ,       248,       251
        3.614 ,       248,       251
        3.619 ,       249,       251
        3.625 ,       249,       251
        3.630 ,       247,       251
        3.636 ,       249,       251
        3.641 ,       249,       251
        3.647 ,       249,       251
        3.652 ,       249,       251
        3.658 ,       249,       250
        3.663 ,       249,       251
        3.669 ,       249,       251
        3.674 ,       250,       251
        3.680 ,       248,       251
        3.685 ,       249,       251
        3.691 ,       249,       251
        3.696 ,       250,       251
        3.702 ,       248,       251
        3.707 ,       248,       251
        3.713 ,       249,       251
        3.718 ,       249,       251
        3.724 ,       248,       251
        3.729 ,       249,       251
        3.735 ,       249,       251
        3.740 ,       250,       251
        3.746 ,       247,       251
        3.751 ,       249,       251
        3.757 ,       249,       251
        3.762 ,       249,       251
        3.768 ,       249,       251
        3.773 ,       248,       251
        3.779 ,       248,       251
        3.784 ,       250,       251
        3.790 ,       250,       251
        3.795 ,       247,       251
        3.801 ,       248,       251
        3.806 ,       249,       251
        3.812 ,       249,       251
        3.817 ,       248,       251
        3.823 ,       248,       251
        3.828 ,       249,       251
        3.834 ,       249,       251
        3.839 ,       249,       250
        3.845 ,       248,       251
        3.850 ,       248,       251
        3.856 ,       249,       251
        3.861 ,       250,       251
        3.867 ,       247,       251
        3.872 ,       249,       251
        3.878 ,       249,       251
        3.883 ,       249,       251
        3.889 ,       250,       251
        3.894 ,       248,       251
        3.900 ,       248,       251
        3.905 ,       249,       251
        3.911 ,       249,       250
        3.916 ,       247,       251
        3.922 ,       249,       251
        3.927 ,       249,       251
        3.933 ,       250,       251
        3.938 ,       250,       250
        3.944 ,       248,       251
        3.949 ,       248,       251
        3.955 ,       249,       251
        3.960 ,       250,       251
        3.966 ,       248,       251
        3.971 ,       248,       251
        3.977 ,       249,       251
        3.982 ,       249,       251
        3.988 ,       249,       251
        3.993 ,       248,       251
        3.999 ,       249,       251
        4.004 ,       250,       251
        4.010 ,       249,       251
        4.015 ,       248,       251
        4.021 ,       249,       251
        4.026 ,       249,       251
        4.032 ,       250,       251
        4.037 ,       248,       251
        4.043 ,       248,       251
        4.048 ,       249,       251
        4.054 ,       250,       251
        4.059 ,       249,       251
        4.065 ,       248,       251
        4.070 ,       248,       251
        4.076 ,       249,       251
        4.081 ,       250,       251
        4.087 ,       248,       251
        4.092 ,       248,       251
        4.098 ,       249,       251
        4.103 ,       249,       251
        4.109 ,       250,       251
        4.114 ,       247,       251
        4.120 ,       248,       251
        4.125 ,       249,       251
        4.131 ,       249,       251
        4.136 ,       250,       251
        4.142 ,       249,       251
        4.147 ,       249,       251
        4.153 ,       249,       251
        4.158 ,       249,       250
        4.164 ,       247,       251
        4.169 ,       248,       251
        4.175 ,       248,       251
        4.180 ,       249,       251
        4.186 ,       250,       250
        4.191 ,       248,       251
        4.197 ,       248,       251
        4.202 ,       249,       251
        4.208 ,       249,       251
        4.213 ,       250,       251
        4.219 ,       249,       251
        4.224 ,       249,       251
        4.230 ,       249,       251
        4.235 ,       250,       251
        4.241 ,       248,       251
        4.246 ,       248,       251
        4.252 ,       249,       251
        4.257 ,       249,       251
        4.263 ,       250,       251
        4.268 ,       248,       251
        4.274 ,       248,       251
        4.279 ,       249,       251
        4.285 ,       250,       251
        4.290 ,       247,       251
        4.296 ,       249,       251
        4.301 ,       249,       251
        4.307 ,       249,       251
        4.312 ,       250,       251
        4.318 ,       249,       251
        4.323 ,       248,       251
        4.329 ,       249,       251
        4.334 ,       250,       250
        4.340 ,       248,       251
        4.345 ,       248,       251
        4.351 ,       249,       251
        4.356 ,       249,       251
        4.362 ,       248,       250
        4.367 ,       248,       251
        4.373 ,       249,       251
        4.378 ,       249,       251
        4.384 ,       250,       251
        4.389 ,       248,       251
        4.395 ,       248,       251
        4.400 ,       249,       251
        4.406 ,       249,       251
        4.411 ,       250,       251
        4.417 ,       248,       251
        4.422 ,       248,       251
        4.428 ,       249,       251
        4.433 ,       250,       250
        4.439 ,       249,       251
        4.444 ,       249,       251
        4.450 ,       248,       251
        4.455 ,       249,       251
        4.461 ,       249,       251
        4.466 ,       248,       251
        4.472 ,       248,       251
        4.477 ,       249,       251
        4.483 ,       250,       251
        4.488 ,       250,       251
        4.494 ,       248,       251
        4.499 ,       248,       251
        4.505 ,       249,       251
        4.510 ,       250,       250
        4.516 ,       247,       251
        4.521 ,       249,       251
        4.527 ,       249,       251
        4.532 ,       249,       251
        4.538 ,       250,       251
        4.543 ,       248,       251
        4.549 ,       248,       251
        4.554 ,       249,       251
        4.560 ,       249,       251
        4.565 ,       249,       251
        4.571 ,       249,       251
        4.576 ,       249,       251
        4.582 ,       249,       251
        4.587 ,       249,       251
        4.593 ,       247,       251
        4.598 ,       248,       251
        4.604 ,       249,       251
        4.609 ,       249,       251
        4.615 ,       249,       251
        4.620 ,       249,       251
        4.626 ,       249,       251
        4.631 ,       249,       251
        4.637 ,       249,       251
        4.642 ,       248,       251
        4.648 ,       248,       251
        4.653 ,       249,       251
        4.659 ,       250,       250
        4.664 ,       247,       251
        4.670 ,       249,       251
        4.675 ,       249,       251
        4.681 ,       249,       251
        4.686 ,       250,       251
        4.692 ,       247,       251
        4.697 ,       248,       251
        4.703 ,       249,       251
        4.708 ,       249,       251
        4.714 ,       250,       251
        4.719 ,       249,       251
        4.725 ,       248,       251
        4.730 ,       249,       251
        4.736 ,       249,       250
        4.741 ,       248,       251
        4.747 ,       248,       251
        4.752 ,       249,       251
        4.758 ,       250,       251
        4.763 ,       247,       251
        4.769 ,       249,       251
        4.774 ,       249,       251
        4.780 ,       249,       251
        4.785 ,       250,       251
        4.791 ,       249,       251
        4.796 ,       247,       251
        4.802 ,       248,       251
        4.807 ,       247,       250
        4.813 ,       242,       251
        4.818 ,       244,       250
        4.824 ,       242,       249
        4.829 ,       243,       248
        4.835 ,       239,       246
        4.840 ,       238,       246
        4.846 ,       233,       242
        4.851 ,       233,       241
        4.857 ,       226,       236
        4.862 ,       219,       235
        4.868 ,       219,       231
        4.873 ,       211,       231
        4.879 ,       209,       224
        4.884 ,       201,       217
        4.890 ,       201,       217
        4.895 ,       193,       210
        4.901 ,       193,       210
        4.906 ,       185,       203
        4.912 ,       185,       203
        4.917 ,       177,       194
        4.923 ,       167,       195
        4.928 ,       168,       188
        4.934 ,       160,       188
        4.939 ,       160,       179
        4.945 ,       151,       172
        4.950 ,       153,       172
        4.956 ,       142,       165
        4.961 ,       143,       165
        4.967 ,       137,       158
        4.972 ,       129,       157
        4.978 ,       129,       150
        4.983 ,       122,       150
        4.989 ,       123,       145
        4.994 ,       116,       139
        5.000 ,       115,       138
        5.005 ,       108,       130
        5.011 ,       108,       130
        5.016 ,       100,       124
        5.022 ,       100,       125
        5.027 ,        94,       118
        5.033 ,        88,       118
        5.038 ,        87,       111
        5.044 ,        81,       111
        5.049 ,        81,       104
        5.055 ,        74,        98
        5.060 ,        75,        98
        5.066 ,        68,        91
        5.071 ,        69,        91
        5.077 ,        62,        84
        5.082 ,        55,        85
        5.088 ,        55,        77
        5.093 ,        49,        77
        5.099 ,        50,        71
        5.104 ,        42,        63
        5.110 ,        43,        63
        5.115 ,        36,        58
        5.121 ,        36,        57
        5.126 ,        30,        50
        5.132 ,        29,        50
        5.137 ,        23,        44
        5.143 ,        16,        44
        5.148 ,        16,        38
        5.154 ,        10,        38
        5.159 ,        10,        31
        5.165 ,         5,        25
        5.170 ,         5,        25
        5.176 ,         2,        19
        5.181 ,         3,        18
        5.187 ,         2,        12
        5.192 ,         1,        12
        5.198 ,         3,         5
        5.203 ,         2,         5
        5.209 ,         2,         1
        5.214 ,         1,         2
        5.220 ,         1,         3
        5.225 ,         0,         2
        5.231 ,         0,         2
        5.236 ,        -0,        -0
        5.242 ,        -0,        -1
        5.247 ,        -0,         1
        5.253 ,        -2,         1
        5.258 ,         0,         1
        5.264 ,         0,         1
        5.269 ,         0,        -1
        5.275 ,         0,        -0
        5.280 ,         0,         0
        5.286 ,         0,         0
        5.291 ,        -0,         0
        5.297 ,        -1,        -1
        5.302 ,        -2,        -1
        5.308 ,        -2,        -1
        5.313 ,         0,        -1
        5.319 ,        -0,         0
        5.324 ,         0,        -0
        5.330 ,        -1,        -1
        5.335 ,        -1,        -1
        5.341 ,        -1,        -1
        5.346 ,        -2,        -0
        5.352 ,         0,        -0
        5.357 ,         0,        -2
        5.363 ,         0,        -1
        5.368 ,        -0,        -1
        5.374 ,        -1,        -1
        5.379 ,        -0,         1
        5.385 ,        -1,        -1
        5.390 ,         0,        -2
        5.396 ,         1,        -1
        5.401 ,        -0,        -0
        5.407 ,        -1,         0
        5.412 ,        -1,         0
        5.418 ,        -1,        -1
        5.423 ,        -1,        -1
        5.429 ,         0,        -1
        5.434 ,        -0,        -1
        5.440 ,        -0,        -0
        5.445 ,        -1,        -1
        5.451 ,        -1,        -1
        5.456 ,        -0,        -1
        5.462 ,        -2,        -1
        5.467 ,         1,        -0
        5.473 ,         0,        -1
        5.478 ,         0,        -1
        5.484 ,        -0,        -1
        5.489 ,        -1,        -1
        5.495 ,        -1,        -0
        5.500 ,        -2,        -0
        5.506 ,        -0,        -1
        5.511 ,         0,        -1
        5.517 ,         0,        -0
        5.522 ,        -0,        -0
        5.528 ,        -1,        -0
        5.533 ,        -1,        -1
        5.539 ,        -2,        -0
        5.544 ,        -2,        -1
        5.550 ,         0,        -1
        5.555 ,        -0,        -0
        5.561 ,         0,        -0
        5.566 ,        -1,        -1
        5.572 ,        -1,        -1
        5.577 ,        -0,        -1
        5.583 ,        -1,        -1
        5.588 ,         0,        -1
        5.594 ,         0,        -1
        5.599 ,         0,        -0
        5.605 ,        -0,        -1
        5.610 ,        -1,        -1
        5.616 ,        -0,        -1
        5.621 ,        -1,        -1
        5.627 ,        -0,        -0
        5.632 ,         0,         0
        5.638 ,         0,        -0
        5.643 ,        -0,        -0
        5.649 ,        -1,        -0
        5.654 ,        -1,         1
        5.660 ,        -1,         1
        5.665 ,        -2,        -0
        5.671 ,         0,        -1
        5.676 ,        -0,        -0
        5.682 ,        -0,        -1
        5.687 ,        -1,        -1
        5.693 ,        -1,        -1
        5.698 ,        -1,        -1
        5.704 ,        -1,        -1
        5.709 ,         0,        -1
        5.715 ,         0,        -2
        5.720 ,         0,        -1
        5.726 ,        -0,        -1
        5.731 ,        -1,        -1
        5.737 ,        -1,        -0
        5.742 ,        -1,        -1
        5.748 ,        -0,        -1
        5.753 ,         1,        -1
        5.759 ,         0,        -0
        5.764 ,        -0,        -0
        5.770 ,        -1,        -0
        5.775 ,        -1,        -1
        5.781 ,        -2,        -1
        5.786 ,        -2,         0
        5.792 ,         0,         0
        5.797 ,         0,        -0
        5.803 ,         0,        -1
        5.808 ,        -1,        -1
        5.814 ,        -0,        -1
        5.819 ,        -0,         0
        5.825 ,        -1,        -1
        5.830 ,         0,        -1
        5.836 ,         0,        -2
        5.841 ,         0,        -1
        5.847 ,        -0,        -0
        5.852 ,        -1,         0
        5.858 ,        -0,        -0
        5.863 ,        -1,        -0
        5.869 ,         0,        -1
        5.874 ,         0,        -1
        5.880 ,         0,        -0
        5.885 ,        -0,        -0
        5.891 ,        -1,        -0
        5.896 ,        -1,        -1
        5.902 ,        -1,        -1
        5.907 ,        -2,        -0
        5.913 ,         0,        -0
        5.918 ,        -0,        -0
        5.924 ,        -0,        -0
        5.929 ,        -1,        -1
        5.935 ,        -1,        -1
        5.940 ,        -1,        -1
        5.946 ,        -3,        -0
        5.951 ,         0,        -0
        5.957 ,         0,        -0
        5.962 ,        -0,        -1
        5.968 ,        -1,        -0
        5.973 ,        -1,        -0
        5.979 ,        -1,        -0
        5.984 ,        -2,        -1
        5.990 ,         0,        -1
        5.995 ,         0,        -2
        6.001 ,         0,        -1
        6.006 ,        -0,        -1
        6.012 ,        -1,        -1
        6.017 ,        -0,        -0
        6.023 ,        -1,        -1
        6.028 ,         0,        -1
        6.034 ,         0,        -1
        6.039 ,         0,        -0
        6.045 ,        -0,        -0
        6.050 ,        -1,        -0
        6.056 ,        -1,        -1
        6.061 ,        -2,        -1
        6.067 ,        -2,        -1
        6.072 ,         0,        -1
        6.078 ,        -0,        -1
        6.083 ,        -0,        -0
        6.089 ,        -1,        -1
        6.094 ,        -1,        -0
        6.100 ,        -1,         0
        6.105 ,        -2,        -1
        6.111 ,         0,        -1
        6.116 ,         0,        -1
        6.122 ,        -0,        -1
        6.127 ,        -0,        -1
        6.133 ,        -1,        -0
        6.138 ,        -1,        -1
        6.144 ,        -2,        -0
        6.149 ,         0,        -1
        6.155 ,        -0,        -1
        6.160 ,         0,        -1
        6.166 ,        -0,        -0
        6.171 ,        -1,        -0
        6.177 ,        -1,        -0
        6.182 ,        -1,        -1
        6.188 ,        -1,        -1
        6.193 ,         0,        -1
        6.199 ,        -0,        -0
        6.204 ,        -0,        -0
        6.210 ,        -1,        -1
        6.215 ,        -1,        -1
        6.221 ,        -1,        -0
        6.226 ,        -1,        -1
        6.232 ,        -1,        -1
        6.237 ,         0,        -1
        6.243 ,         0,        -1
        6.248 ,         0,        -0
        6.254 ,        -0,        -1
        6.259 ,        -1,        -0
        6.265 ,        -0,        -1
        6.270 ,        -1,        -1
        6.276 ,         0,        -1
        6.281 ,         0,        -1
        6.287 ,         0,        -0
        6.292 ,        -0,        -0
        6.298 ,        -1,        -0
        6.303 ,        -1,        -1
        6.309 ,        -1,        -1
        6.314 ,        -2,        -0
        6.320 ,         0,        -1
        6.325 ,        -0,        -0
        6.331 ,        -0,        -0
        6.336 ,        -1,        -1
        6.342 ,        -1,        -1
        6.347 ,        -0,        -1
        6.353 ,        -2,        -1
        6.358 ,         0,        -1
        6.364 ,        -0,        -1
        6.369 ,        -0,        -1
        6.375 ,        -0,        -0
        6.380 ,        -1,         0
        6.386 ,        -1,        -0
        6.391 ,        -2,        -0
        6.397 ,         0,        -1
        6.402 ,         0,        -1
        6.408 ,         0,        -1
        6.413 ,        -0,        -0
        6.419 ,        -1,        -0
        6.424 ,        -1,        -0
        6.430 ,        -1,        -1
        6.435 ,        -1,        -1
        6.441 ,         0,        -1
        6.446 ,         0,        -1
        6.452 ,        -0,        -0
        6.457 ,        -1,        -1
        6.463 ,        -1,        -1
        6.468 ,        -1,        -1
        6.474 ,        -2,        -1
        6.479 ,         0,        -0
        6.485 ,         0,        -1
        6.490 ,        -0,        -1
        6.496 ,        -0,        -1
        6.501 ,        -1,        -1
        6.507 ,        -1,        -0
        6.512 ,        -2,        -0
        6.518 ,         0,        -1
        6.523 ,         0,        -1
        6.529 ,         0,        -0
        6.534 ,        -0,        -1
        6.540 ,        -1,        -0
        6.545 ,        -0,        -0
        6.551 ,        -1,        -1
        6.556 ,        -1,        -1
        6.562 ,         0,        -1
        6.567 ,        -0,        -0
        6.573 ,        -0,        -0
        6.578 ,        -1,        -0
        6.584 ,        -1,        -1
        6.589 ,        -1,        -1
        6.595 ,        -3,        -0
        6.600 ,         0,        -0
        6.606 ,         0,        -0
        6.611 ,         0,        -1
        6.617 ,        -1,        -1
        6.622 ,        -1,        -1
        6.628 ,        -1,        -0
        6.633 ,        -2,        -0
        6.639 ,         0,        -1
        6.644 ,         0,        -1
        6.650 ,         0,        -1
        6.655 ,        -0,        -1
        6.661 ,        -1,        -1
        6.666 ,        -0,        -0
        6.672 ,        -1,        -1
        6.677 ,        -1,        -1
        6.683 ,         0,        -1
        6.688 ,        -0,        -1
        6.694 ,        -0,        -0
        6.699 ,        -1,        -1
        6.705 ,        -1,        -1
        6.710 ,        -1,        -1
        6.716 ,        -2,        -0
        6.721 ,         0,        -0
        6.727 ,         0,        -0
        6.732 ,        -0,        -1
        6.738 ,        -0,        -1
        6.743 ,        -1,        -0
        6.749 ,        -1,        -1
        6.754 ,        -2,        -0
        6.760 ,         0,        -1
        6.765 ,         0,        -1
        6.771 ,         0,        -1
        6.776 ,        -0,        -0
        6.782 ,        -1,        -0
        6.787 ,        -1,        -0
        6.793 ,        -1,        -1
        6.798 ,        -1,        -1
        6.804 ,         0,        -1
        6.809 ,        -0,        -1
        6.815 ,        -0,        -0
        6.820 ,        -1,        -1
        6.826 ,        -1,        -1
        6.831 ,        -0,        -1
        6.837 ,        -2,        -0
        6.842 ,         0,        -1
        6.848 ,         0,        -1
        6.853 ,        -0,        -1
        6.859 ,        -0,        -1
        6.864 ,        -1,        -0
        6.870 ,        -1,        -1
        6.875 ,        -2,        -0
        6.881 ,         0,        -1
        6.886 ,         0,        -1
        6.892 ,         0,        -1
        6.897 ,        -0,        -0
        6.903 ,        -1,        -1
        6.908 ,        -0,        -0
        6.914 ,        -1,        -1
        6.919 ,        -0,        -1
        6.925 ,         1,        -1
        6.930 ,        -0,        -1
        6.936 ,        -0,        -0
        6.941 ,        -1,        -0
        6.947 ,        -1,        -1
        6.952 ,        -1,        -1
        6.958 ,        -3,        -0
        6.963 ,         0,        -1
        6.969 ,         0,        -0
        6.974 ,        -0,        -1
        6.980 ,        -1,        -1
        6.985 ,        -0,        -1
        6.991 ,        -0,        -1
        6.996 ,        -1,        -1
        7.002 ,         0,        -1
        7.007 ,         0,        -1
        7.013 ,         0,        -1
        7.018 ,        -0,        -1
        7.024 ,        -1,        -0
        7.029 ,        -1,        -1
        7.035 ,        -2,        -0
        7.040 ,         0,        -1
        7.046 ,         0,        -1
        7.051 ,         0,        -0
        7.057 ,        -0,        -0
        7.062 ,        -1,        -0
        7.068 ,        -1,        -0
        7.073 ,        -1,        -1
        7.079 ,        -0,        -1
        7.084 ,         0,        -1
        7.090 ,        -0,        -0
        7.095 ,        -0,        -0
        7.101 ,        -1,        -1
        7.106 ,        -1,        -1
        7.112 ,        -1,        -1
        7.117 ,        -2,        -0
        7.123 ,         0,        -0
        7.128 ,         0,        -0
        7.134 ,        -0,        -1
        7.139 ,        -1,        -1
        7.145 ,        -1,        -0
        7.150 ,        -1,        -1
        7.156 ,        -2,        -0
        7.161 ,         0,        -1
        7.167 ,        -0,        -1
        7.172 ,         0,        -0
        7.178 ,        -0,        -0
        7.183 ,        -1,        -0
        7.189 ,        -1,        -0
        7.194 ,        -1,        -1
        7.200 ,        -1,        -1
        7.205 ,         0,        -1
        7.211 ,         0,        -0
        7.216 ,        -0,        -0
        7.222 ,        -1,        -1
        7.227 ,        -1,        -1
        7.233 ,        -0,        -1
        7.238 ,        -2,        -1
        7.244 ,         0,        -1
        7.249 ,         0,        -1
        7.255 ,        -0,        -1
        7.260 ,        -0,        -1
        7.266 ,        -1,        -0
        7.271 ,        -1,        -1
        7.277 ,        -2,        -0
        7.282 ,         0,        -1
        7.288 ,         0,        -1
        7.293 ,         0,        -1
        7.299 ,        -0,        -1
        7.304 ,        -1,        -0
        7.310 ,        -1,        -0
        7.315 ,        -1,        -1
        7.321 ,        -0,        -1
        7.326 ,         0,        -1
        7.332 ,         0,        -0
        7.337 ,         0,        -0
        7.343 ,        -1,        -0
        7.348 ,        -1,        -1
        7.354 ,        -1,        -1
        7.359 ,        -2,        -0
        7.365 ,         0,        -1
        7.370 ,        -0,        -0
        7.376 ,        -0,        -0
        7.381 ,        -1,        -1
        7.387 ,        -1,        -1
        7.392 ,        -0,        -1
        7.398 ,        -1,        -1
        7.403 ,         1,        -0
        7.409 ,         0,        -1
        7.414 ,        -0,        -1
        7.420 ,        -0,        -1
        7.425 ,        -1,        -0
        7.431 ,        -1,        -1
        7.436 ,        -2,        -0
        7.442 ,         0,        -1
        7.447 ,        -0,        -1
        7.453 ,         0,        -1
        7.458 ,        -0,        -1
        7.464 ,        -1,        -0
        7.469 ,        -0,        -0
        7.475 ,        -1,        -1
        7.480 ,        -0,        -1
        7.486 ,         1,        -1
        7.491 ,         0,        -0
        7.497 ,        -0,        -0
        7.502 ,        -1,        -0
        7.508 ,        -1,        -1
        7.513 ,        -1,        -1
        7.519 ,        -2,        -1
        7.524 ,         0,        -1
        7.530 ,        -0,        -0
        7.535 ,        -0,        -0
        7.541 ,        -1,        -1
        7.546 ,        -1,        -1
        7.552 ,        -0,        -1
        7.557 ,        -1,        -1
        7.563 ,         0,        -1
        7.568 ,         0,        -1
        7.574 ,        -0,        -1
        7.579 ,        -0,        -1
        7.585 ,        -1,        -0
        7.590 ,        -1,        -1
        7.596 ,        -2,        -0
        7.601 ,         0,        -1
        7.607 ,         0,        -1
        7.612 ,         0,        -1
        7.618 ,        -0,        -0
        7.623 ,        -1,        -0
        7.629 ,        -0,        -0
        7.634 ,        -1,        -1
        7.640 ,         0,        -1
        7.645 ,         1,        -0
        7.651 ,         0,        -0
        7.656 ,        -0,        -0
        7.662 ,        -1,        -0
        7.667 ,        -1,        -1
        7.673 ,        -1,        -1
        7.678 ,        -3,        -0
        7.684 ,         0,        -1
        7.689 ,        -0,        -0
        7.695 ,        -0,        -1
        7.700 ,        -1,        -1
        7.706 ,        -1,        -1
        7.711 ,        -0,        -1
        7.717 ,        -1,        -1
        7.722 ,         0,        -1
        7.728 ,         0,        -1
        7.733 ,         0,        -1
        7.739 ,         0,        -1
        7.744 ,        -0,        -0
        7.750 ,        -1,        -1
        7.755 ,        -0,        -0
        7.761 ,        -1,        -1
        7.766 ,        -0,        -1
        7.772 ,         0,        -1
        7.777 ,         0,        -1
        7.783 ,        -0,        -0
        7.788 ,        -1,        -1
        7.794 ,        -1,        -1
        7.799 ,        -1,        -1
        7.805 ,        -2,        -1
        7.810 ,         0,        -1
        7.816 ,         0,        -0
        7.821 ,        -0,        -1
        7.827 ,        -1,        -1
        7.832 ,        -1,        -1
        7.838 ,        -1,        -1
        7.843 ,        -1,        -1
        7.849 ,         0,        -1
        7.854 ,         0,        -2
        7.860 ,         0,        -1
        7.865 ,        -0,        -1
        7.871 ,        -1,        -1
        7.876 ,        -0,        -0
        7.882 ,        -1,        -1
        7.887 ,         0,        -1
        7.893 ,         0,        -1
        7.898 ,         0,        -0
        7.904 ,        -0,        -0
        7.909 ,        -1,        -0
        7.915 ,        -1,        -1
        7.920 ,        -1,        -1
        7.926 ,        -2,        -0
        7.931 ,         0,        -1
        7.937 ,        -0,        -0
        7.942 ,        -0,        -0
        7.948 ,        -1,        -1
        7.953 ,        -1,        -1
        7.959 ,        -1,        -1
        7.964 ,        -2,        -1
        7.970 ,         0,        -1
        7.975 ,         0,        -2
        7.981 ,         0,        -1
        7.986 ,        -0,        -1
        7.992 ,        -1,        -1
        7.997 ,        -1,        -0
        8.003 ,        -1,        -1
        8.008 ,        -0,        -1
        8.014 ,         0,        -0
        8.019 ,         0,        -0
        8.025 ,        -0,        -0
        8.030 ,        -1,        -0
        8.036 ,        -1,        -1
        8.041 ,        -2,        -1
        8.047 ,        -2,        -1
        8.052 ,         0,        -1
        8.058 ,        -0,        -0
        8.063 ,         0,        -0
        8.069 ,        -1,        -1
        8.074 ,        -1,        -1
        8.080 ,        -0,        -1
        8.085 ,        -1,        -1
        8.091 ,         0,        -0
        8.096 ,         0,        -1
        8.102 ,        -0,        -1
        8.107 ,        -0,        -1
        8.113 ,        -1,        -1
        8.118 ,        -1,        -1
        8.124 ,        -2,        -0
        8.129 ,         0,        -1
        8.135 ,         0,        -1
        8.140 ,         0,        -1
        8.146 ,        -0,        -1
        8.151 ,        -1,        -0
        8.157 ,        -0,        -0
        8.162 ,        -1,        -1
        8.168 ,        -0,        -1
        8.173 ,         0,        -1
        8.179 ,         0,        -0
        8.184 ,        -0,        -0
        8.190 ,        -1,         0
        8.195 ,        -1,        -1
        8.201 ,        -2,        -1
        8.206 ,        -2,        -1
        8.212 ,         0,        -1
        8.217 ,        -0,        -0
        8.223 ,        -0,        -0
        8.228 ,        -1,        -1
        8.234 ,        -1,        -1
        8.239 ,        -1,        -1
        8.245 ,        -2,        -0
        8.250 ,         0,        -1
        8.256 ,         0,        -0
        8.261 ,        -0,        -1
        8.267 ,        -1,        -1
        8.272 ,        -1,        -1
        8.278 ,        -1,        -0
        8.283 ,        -1,        -0
        8.289 ,         0,        -1
        8.294 ,        -0,        -1
        8.300 ,        -0,        -1
        8.305 ,        -0,        -1
        8.311 ,        -1,        -1
        8.316 ,        -1,        -0
        8.322 ,        -2,        -0
        8.327 ,         0,        -1
        8.333 ,         0,        -1
        8.338 ,         0,        -1
        8.344 ,        -0,        -0
        8.349 ,        -1,        -0
        8.355 ,        -0,        -0
        8.360 ,        -1,        -1
        8.366 ,        -0,        -1
        8.371 ,         0,        -1
        8.377 ,         0,        -1
        8.382 ,        -0,        -0
        8.388 ,        -1,        -0
        8.393 ,        -1,        -1
        8.399 ,        -1,        -1
        8.404 ,        -2,        -0
        8.410 ,         0,        -1
        8.415 ,        -0,        -0
        8.421 ,        -0,        -1
        8.426 ,        -1,        -1
        8.432 ,        -1,        -1
        8.437 ,        -1,        -1
        8.443 ,        -2,        -1
        8.448 ,         0,        -0
        8.454 ,         0,        -1
        8.459 ,        -0,        -1
        8.465 ,        -0,        -1
        8.470 ,        -1,        -0
        8.476 ,        -1,        -0
        8.481 ,        -2,        -0
        8.487 ,         0,        -1
        8.492 ,        -0,        -2
        8.498 ,         0,        -0
        8.503 ,        -0,        -1
        8.509 ,        -1,        -0
        8.514 ,        -1,        -0
        8.520 ,        -1,        -1
        8.525 ,        -1,        -1
        8.531 ,         0,        -1
        8.536 ,        -0,        -0
        8.542 ,        -0,        -0
        8.547 ,        -1,        -0
        8.553 ,        -1,        -1
        8.558 ,        -1,        -1
        8.564 ,        -2,        -1
        8.569 ,         0,        -1
        8.575 ,         0,        -0
        8.580 ,         0,        -1
        8.586 ,        -1,        -1
        8.591 ,        -1,        -1
        8.597 ,        -1,        -0
        8.602 ,        -1,        -0
        8.608 ,         0,        -1
        8.613 ,         0,        -2
        8.619 ,         0,        -0
        8.624 ,        -0,        -1
        8.630 ,        -1,        -0
        8.635 ,        -0,        -0
        8.641 ,        -1,        -1
        8.646 ,         0,        -1
        8.652 ,         0,        -1
        8.657 ,         0,        -0
        8.663 ,        -0,        -0
        8.668 ,        -1,        -0
        8.674 ,        -1,        -1
        8.679 ,        -2,        -1
        8.685 ,        -2,        -1
        8.690 ,         0,        -1
        8.696 ,        -0,        -0
        8.701 ,        -0,        -0
        8.707 ,        -1,        -1
        8.712 ,        -1,        -1
        8.718 ,        -1,        -1
        8.723 ,        -2,        -1
        8.729 ,         0,        -0
        8.734 ,         0,        -1
        8.740 ,         0,        -1
        8.745 ,        -0,        -1
        8.751 ,        -1,        -1
        8.756 ,        -1,        -1
        8.762 ,        -2,        -0
        8.767 ,         0,        -1
        8.773 ,         0,        -1
        8.778 ,         0,        -0
        8.784 ,        -0,        -1
        8.789 ,        -1,        -0
        8.795 ,        -1,        -1
        8.800 ,        -1,        -1
        8.806 ,        -1,        -1
        8.811 ,         0,        -1
        8.817 ,         0,        -1
        8.822 ,        -0,        -0
        8.828 ,        -1,        -1
        8.833 ,        -1,        -1
        8.839 ,        -0,        -1
        8.844 ,        -2,        -1
        8.850 ,         0,        -0
        8.855 ,         0,        -1
        8.861 ,        -0,        -1
        8.866 ,        -0,        -1
        8.872 ,        -1,        -0
        8.877 ,        -1,        -1
        8.883 ,        -2,        -0
        8.888 ,         0,        -1
        8.894 ,         0,        -1
        8.899 ,         0,        -0
        8.905 ,        -0,        -0
        8.910 ,        -1,        -0
        8.916 ,        -1,        -0
        8.921 ,        -1,        -1
        8.927 ,        -0,        -1
        8.932 ,         0,        -1
        8.938 ,        -0,        -0
        8.943 ,        -0,         0
        8.949 ,        -1,        -1
        8.954 ,        -1,        -1
        8.960 ,        -1,        -1
        8.965 ,        -2,        -1
        8.971 ,         0,        -1
        8.976 ,        -0,        -1
        8.982 ,        -0,        -1
        8.987 ,        -0,        -1
        8.993 ,        -1,        -0
        8.998 ,        -1,        -1
        9.004 ,        -2,        -0
        9.009 ,         0,        -1
        9.015 ,         0,        -1
        9.020 ,         0,        -0
        9.026 ,        -0,        -0
        9.031 ,        -1,        -0
        9.037 ,        -1,        -1
        9.042 ,        -1,        -1
        9.048 ,        -2,        -1
        9.053 ,         0,        -1
        9.059 ,         0,        -0
        9.064 ,         0,        -0
        9.070 ,        -1,        -1
        9.075 ,        -1,        -1
        9.081 ,        -0,        -1
        9.086 ,        -1,        -1
        9.092 ,         0,        -1
        9.097 ,         0,        -2
        9.103 ,         0,        -1
        9.108 ,        -0,        -1
        9.114 ,        -1,        -0
        9.119 ,        -1,        -0
        9.125 ,        -1,        -1
        9.130 ,         0,        -1
        9.136 ,         1,        -1
        9.141 ,         0,        -0
        9.147 ,        -0,        -0
        9.152 ,        -1,        -0
        9.158 ,        -1,        -1
        9.163 ,        -1,        -0
        9.169 ,        -3,        -0
        9.174 ,         0,        -1
        9.180 ,         0,        -0
        9.185 ,        -0,        -1
        9.191 ,        -1,        -1
        9.196 ,        -1,        -1
        9.202 ,        -1,        -1
        9.207 ,        -2,        -1
        9.213 ,         0,        -1
        9.218 ,        -0,        -1
        9.224 ,         0,        -0
        9.229 ,        -0,        -1
        9.235 ,        -1,        -1
        9.240 ,        -0,        -0
        9.246 ,        -1,        -1
        9.251 ,        -0,        -1
        9.257 ,         0,        -1
        9.262 ,         0,        -1
        9.268 ,        -0,        -0
        9.273 ,        -1,        -1
        9.279 ,        -1,        -1
        9.284 ,        -0,        -1
        9.290 ,        -2,        -1
        9.295 ,         0,        -1
        9.301 ,         0,        -1
        9.306 ,         0,        -1
        9.312 ,        -0,        -0
        9.317 ,        -1,        -0
        9.323 ,        -1,        -1
        9.328 ,        -2,        -0
        9.334 ,         0,        -1
        9.339 ,         0,        -1
        9.345 ,         1,        -0
        9.350 ,        -0,        -0
        9.356 ,        -1,        -0
        9.361 ,        -1,        -1
        9.367 ,        -2,        -1
        9.372 ,        -2,        -1
        9.378 ,         0,        -1
        9.383 ,        -0,        -0
        9.389 ,        -0,        -0
        9.394 ,        -1,        -1
        9.400 ,        -1,        -1
        9.405 ,        -1,        -1
        9.411 ,        -1,        -1
        9.416 ,         0,        -1
        9.422 ,         0,        -1
        9.427 ,         0,        -1
        9.433 ,        -0,        -1
        9.438 ,        -1,        -0
        9.444 ,        -0,        -0
        9.449 ,        -1,        -1
        9.455 ,        -0,        -1
        9.460 ,         1,        -1
        9.466 ,         0,        -0
        9.471 ,        -0,        -0
        9.477 ,        -1,        -0
        9.482 ,        -1,        -1
        9.488 ,        -2,        -1
        9.493 ,        -2,        -1
        9.499 ,         0,        -1
        9.504 ,         0,        -0
        9.510 ,        -0,        -1
        9.515 ,        -1,        -1
        9.521 ,        -1,        -1
        9.526 ,        -1,        -0
        9.532 ,        -2,        -1
        9.537 ,         0,        -1
        9.543 ,         0,        -2
        9.548 ,         0,        -1
        9.554 ,        -0,        -1
        9.559 ,        -1,        -0
        9.565 ,        -0,        -0
        9.570 ,        -1,        -1
        9.576 ,         0,        -1
        9.581 ,         0,        -1
        9.587 ,         0,        -0
        9.592 ,        -0,        -0