Oscilloscope Data File
Experiment Time :   13-12-2016 08:53:42
Number of frames: 46666

Module: E-14-140M (1D905555)

Number Of Channels : 8
Input Rate In kHz: 22.222221
Input Time In Sec: 2.099970
Decimation: 100
Number of frames after Decimation: 466
Data Format: Calibr
Time markers scale: ñåêóíäû
GPS time=00:00:00 00-00-0000
GPS latitude=, latitude h=0
GPS longitude=, longitude h=0
Segments: 1
Data as Time Sequence:
                    Ch  1      Ch  5      Ch  6      Ch  7      Ch  8  
                 ÑÂÄ,       ÐÊ 1,      ÐÊ 2,      ÐÊ 3,      ÐÊ 4,     

        0.000 ,        66,        68,        99,        78,        54
        0.005 ,        66,        68,        99,        78,        54
        0.009 ,        66,        68,        99,        79,        54
        0.014 ,        66,        69,        99,        78,        54
        0.018 ,        67,        69,        99,        78,        54
        0.023 ,        66,        69,        99,        78,        54
        0.027 ,        66,        68,        99,        78,        54
        0.032 ,        66,        68,        99,        78,        54
        0.036 ,        66,        68,        99,        78,        54
        0.041 ,        66,        68,        99,        78,        54
        0.045 ,        66,        68,        99,        79,        54
        0.050 ,        66,        68,        99,        78,        54
        0.054 ,        66,        68,        99,        78,        54
        0.059 ,        66,        68,        99,        78,        54
        0.063 ,        66,        69,        99,        78,        54
        0.068 ,        66,        68,        99,        78,        54
        0.072 ,        66,        68,        99,        78,        54
        0.077 ,        66,        68,        99,        78,        54
        0.081 ,        66,        68,        99,        78,        54
        0.086 ,        66,        68,        99,        78,        54
        0.090 ,        66,        68,        99,        78,        54
        0.095 ,        66,        68,        99,        78,        54
        0.099 ,        66,        68,        99,        78,        54
        0.104 ,        66,        68,        99,        78,        54
        0.108 ,        66,        68,        99,        78,        54
        0.113 ,        66,        68,        99,        78,        54
        0.117 ,        66,        68,        99,        78,        54
        0.122 ,        66,        68,        99,        79,        54
        0.126 ,        66,        68,        99,        78,        54
        0.131 ,        66,        68,        99,        78,        54
        0.135 ,        66,        68,        99,        78,        54
        0.140 ,        66,        68,        99,        78,        54
        0.144 ,        66,        68,        99,        78,        54
        0.149 ,        66,        68,        99,        79,        54
        0.153 ,        66,        68,        99,        78,        54
        0.158 ,        66,        68,        99,        79,        54
        0.162 ,        66,        68,        99,        78,        54
        0.167 ,        66,        68,        99,        78,        54
        0.171 ,        66,        68,        99,        78,        54
        0.176 ,        66,        68,        99,        78,        54
        0.180 ,        66,        68,        99,        78,        54
        0.185 ,        66,        69,        99,        78,        54
        0.189 ,        66,        69,        99,        79,        54
        0.194 ,        66,        68,        99,        79,        54
        0.198 ,        66,        68,        99,        78,        54
        0.203 ,        66,        68,        99,        78,        54
        0.207 ,        66,        68,        99,        78,        54
        0.212 ,        66,        68,        99,        78,        54
        0.216 ,        66,        68,        99,        78,        54
        0.221 ,        66,        68,        99,        78,        54
        0.225 ,        66,        69,        99,        78,        54
        0.230 ,        66,        69,        99,        78,        54
        0.234 ,        66,        68,        99,        78,        54
        0.239 ,        66,        68,        99,        78,        54
        0.243 ,        66,        68,        99,        78,        54
        0.248 ,        66,        68,        99,        78,        54
        0.252 ,        66,        68,        99,        79,        54
        0.257 ,        66,        69,        99,        79,        54
        0.261 ,        66,        68,        99,        78,        54
        0.266 ,        66,        69,        99,        78,        54
        0.270 ,        66,        69,        99,        78,        54
        0.275 ,        66,        68,        99,        79,        54
        0.279 ,        66,        68,        99,        78,        54
        0.284 ,        66,        68,        99,        78,        54
        0.288 ,        66,        68,        99,        78,        54
        0.293 ,        66,        68,        99,        79,        54
        0.297 ,        66,        68,        99,        78,        54
        0.302 ,        66,        68,        99,        78,        54
        0.306 ,        66,        69,        99,        78,        54
        0.311 ,        66,        69,        99,        79,        54
        0.315 ,        66,        68,        99,        78,        54
        0.320 ,        66,        68,        99,        78,        54
        0.324 ,        66,        68,        99,        78,        54
        0.329 ,        66,        68,        99,        79,        54
        0.333 ,        66,        68,        99,        79,        54
        0.338 ,        66,        68,        99,        79,        54
        0.342 ,        66,        68,        99,        78,        54
        0.347 ,        66,        69,        99,        78,        54
        0.351 ,        66,        69,        99,        78,        54
        0.356 ,        66,        68,        99,        78,        54
        0.360 ,        66,        68,        99,        78,        54
        0.365 ,        66,        68,        99,        78,        54
        0.369 ,        66,        68,        99,        78,        54
        0.374 ,        66,        68,        99,        79,        54
        0.378 ,        66,        68,        99,        78,        54
        0.383 ,        66,        69,        99,        78,        54
        0.387 ,        66,        68,        99,        78,        54
        0.392 ,        66,        69,        99,        79,        54
        0.396 ,        66,        68,        99,        78,        54
        0.401 ,        66,        68,        99,        78,        54
        0.405 ,        66,        68,        99,        78,        54
        0.410 ,        66,        68,        99,        79,        54
        0.414 ,        66,        68,        99,        78,        54
        0.419 ,        66,        68,        99,        78,        54
        0.423 ,        66,        68,        99,        78,        54
        0.428 ,        66,        69,        99,        78,        54
        0.432 ,        67,        69,        99,        79,        54
        0.437 ,        66,        68,        99,        79,        54
        0.441 ,        66,        68,        99,        78,        54
        0.446 ,        66,        68,        99,        78,        54
        0.450 ,        66,        68,        99,        78,        54
        0.455 ,        66,        68,        99,        79,        54
        0.459 ,        66,        68,        99,        78,        54
        0.464 ,        66,        69,        99,        79,        54
        0.468 ,        66,        69,        99,        78,        54
        0.473 ,        66,        69,        99,        79,        54
        0.477 ,        66,        68,        99,        79,        54
        0.482 ,        66,        68,        99,        78,        54
        0.486 ,        66,        68,        99,        78,        54
        0.491 ,        66,        68,        99,        79,        54
        0.495 ,        66,        68,        99,        78,        54
        0.500 ,        66,        68,        99,        78,        54
        0.504 ,        66,        69,        99,        78,        54
        0.509 ,        66,        69,        99,        78,        54
        0.513 ,        66,        68,        99,        78,        54
        0.518 ,        66,        68,        99,        78,        54
        0.522 ,        66,        68,        99,        78,        54
        0.527 ,        66,        68,        99,        78,        54
        0.531 ,        66,        68,        99,        79,        54
        0.536 ,        66,        68,        99,        78,        54
        0.540 ,        66,        68,        99,        78,        54
        0.545 ,        66,        69,        99,        78,        54
        0.549 ,        66,        68,        99,        78,        54
        0.554 ,        66,        68,        99,        78,        54
        0.558 ,        66,        68,        99,        78,        54
        0.563 ,        66,        69,        99,        78,        54
        0.567 ,        66,        68,        99,        78,        54
        0.572 ,        66,        68,        99,        78,        54
        0.576 ,        66,        68,        99,        79,        54
        0.581 ,        66,        68,        99,        78,        54
        0.585 ,        66,        69,        99,        78,        54
        0.590 ,        66,        69,        99,        78,        54
        0.594 ,        66,        68,        99,        78,        54
        0.599 ,        66,        68,        99,        78,        54
        0.603 ,        66,        68,        99,        78,        54
        0.608 ,        66,        68,        99,        78,        54
        0.612 ,        66,        68,        99,        78,        54
        0.617 ,        66,        68,        99,        78,        54
        0.621 ,        66,        68,        99,        78,        54
        0.626 ,        66,        69,        99,        78,        54
        0.630 ,        67,        69,        99,        79,        54
        0.635 ,        66,        68,        99,        78,        54
        0.639 ,        66,        68,        99,        78,        54
        0.644 ,        66,        68,        99,        78,        54
        0.648 ,        66,        68,        99,        78,        54
        0.653 ,        66,        68,        99,        78,        54
        0.657 ,        66,        68,        99,        78,        54
        0.662 ,        66,        68,        99,        78,        54
        0.666 ,        66,        69,        99,        78,        54
        0.671 ,        67,        69,        99,        79,        54
        0.675 ,        66,        68,        99,        79,        54
        0.680 ,        66,        68,        99,        78,        54
        0.684 ,        66,        68,        99,        78,        54
        0.689 ,        68,        68,        99,        79,        54
        0.693 ,        68,        68,        99,        78,        54
        0.698 ,        71,        68,        99,        78,        54
        0.702 ,        71,        68,        99,        79,        54
        0.707 ,        71,        68,       100,        79,        55
        0.711 ,        76,        68,       101,        81,        55
        0.716 ,        76,        68,       101,        81,        55
        0.720 ,        81,        68,       101,        84,        55
        0.725 ,        81,        68,       104,        84,        56
        0.729 ,        86,        68,       104,        89,        56
        0.734 ,        86,        68,       107,        89,        57
        0.738 ,        92,        67,       107,        89,        59
        0.743 ,        92,        68,       109,        92,        59
        0.747 ,        92,        68,       109,        93,        61
        0.752 ,       100,        68,       110,        96,        61
        0.756 ,       100,        70,       110,        96,        64
        0.761 ,       107,        70,       110,        97,        64
        0.765 ,       107,        70,       110,        97,        67
        0.770 ,       114,        70,       109,        99,        67
        0.774 ,       114,        71,       110,        99,        67
        0.779 ,       119,        71,       110,        99,        70
        0.783 ,       119,        74,       110,        99,        70
        0.788 ,       126,        74,       110,        99,        72
        0.792 ,       126,        74,       110,       100,        72
        0.797 ,       126,        78,       110,       100,        74
        0.801 ,       132,        78,       110,       100,        74
        0.806 ,       132,        82,       110,       100,        75
        0.810 ,       139,        83,       110,       100,        75
        0.815 ,       139,        86,       110,       100,        77
        0.819 ,       146,        86,       110,       100,        77
        0.824 ,       146,        90,       110,       100,        77
        0.828 ,       153,        90,       110,       100,        78
        0.833 ,       153,        91,       110,       100,        78
        0.837 ,       153,        95,       110,       100,        80
        0.842 ,       162,        95,       110,       100,        80
        0.846 ,       162,        99,       110,       100,        82
        0.851 ,       169,       100,       110,       100,        82
        0.855 ,       169,       102,       110,       100,        83
        0.860 ,       177,       102,       110,       100,        83
        0.864 ,       177,       103,       110,       100,        83
        0.869 ,       184,       103,       110,       100,        82
        0.873 ,       184,       104,       110,       100,        82
        0.878 ,       189,       104,       110,        99,        82
        0.882 ,       189,       104,       110,       100,        82
        0.887 ,       189,       104,       110,       100,        82
        0.891 ,       196,       104,       110,       100,        82
        0.896 ,       196,       106,       110,        99,        82
        0.900 ,       203,       106,       110,       100,        82
        0.905 ,       203,       107,       110,        99,        82
        0.909 ,       210,       107,       110,       100,        82
        0.914 ,       210,       107,       110,        99,        82
        0.918 ,       219,       107,       110,       100,        82
        0.923 ,       219,       108,       110,       100,        82
        0.927 ,       219,       108,       110,       100,        82
        0.932 ,       225,       108,       110,       100,        82
        0.936 ,       225,       109,       110,       100,        83
        0.941 ,       233,       109,       110,        99,        83
        0.945 ,       234,       110,       110,       100,        82
        0.950 ,       240,       110,       110,       100,        82
        0.954 ,       240,       110,       110,       100,        82
        0.959 ,       248,       110,       110,       100,        82
        0.963 ,       247,       111,       110,       100,        83
        0.968 ,       254,       111,       109,       100,        83
        0.972 ,       254,       111,       110,       100,        83
        0.977 ,       254,       112,       110,       100,        83
        0.981 ,       261,       112,       110,       100,        83
        0.986 ,       261,       112,       110,       100,        83
        0.990 ,       268,       112,       110,       100,        83
        0.995 ,       268,       113,       110,       100,        82
        0.999 ,       274,       113,       110,       100,        82
        1.004 ,       274,       113,       110,       100,        82
        1.008 ,       274,       113,       110,       100,        82
        1.013 ,       274,       113,       110,       100,        82
        1.017 ,       274,       113,       110,       100,        82
        1.022 ,       275,       113,       110,        99,        82
        1.026 ,       275,       113,       110,        99,        82
        1.031 ,       275,       114,       110,       100,        82
        1.035 ,       275,       113,       110,       100,        83
        1.040 ,       276,       113,       110,       100,        83
        1.044 ,       276,       113,       110,       100,        83
        1.049 ,       276,       113,       110,       100,        82
        1.053 ,       276,       113,       110,       100,        82
        1.058 ,       277,       113,       110,       100,        82
        1.062 ,       277,       113,       110,        99,        82
        1.067 ,       277,       113,       110,       100,        83
        1.071 ,       278,       113,       110,       100,        83
        1.076 ,       278,       113,       110,       100,        82
        1.080 ,       277,       113,       110,        99,        82
        1.085 ,       277,       114,       110,       100,        82
        1.089 ,       278,       113,       110,       100,        82
        1.094 ,       278,       113,       110,       100,        82
        1.098 ,       279,       113,       110,       100,        82
        1.103 ,       279,       113,       110,       100,        82
        1.107 ,       279,       113,       110,       100,        83
        1.112 ,       278,       113,       110,       100,        83
        1.116 ,       278,       113,       110,       100,        83
        1.121 ,       279,       113,       110,       100,        83
        1.125 ,       279,       113,       110,       100,        82
        1.130 ,       277,       113,       110,       100,        82
        1.134 ,       277,       113,       110,       100,        82
        1.139 ,       279,       113,       110,       100,        82
        1.143 ,       280,       113,       110,       100,        82
        1.148 ,       278,       113,       110,       100,        82
        1.152 ,       277,       113,       110,       100,        82
        1.157 ,       278,       113,       110,       100,        83
        1.161 ,       279,       113,       110,       100,        82
        1.166 ,       279,       113,       110,       100,        82
        1.170 ,       280,       113,       110,        99,        83
        1.175 ,       280,       113,       110,       100,        82
        1.179 ,       280,       113,       110,       100,        82
        1.184 ,       280,       114,       109,       100,        82
        1.188 ,       278,       113,       109,       100,        83
        1.193 ,       278,       113,       110,        99,        83
        1.197 ,       278,       113,       110,       100,        82
        1.202 ,       280,       113,       110,       100,        82
        1.206 ,       280,       113,       110,       100,        82
        1.211 ,       280,       113,       110,        99,        82
        1.215 ,       280,       113,       110,       100,        82
        1.220 ,       281,       113,       110,       100,        82
        1.224 ,       281,       113,       110,       100,        83
        1.229 ,       281,       113,       110,        99,        83
        1.233 ,       281,       113,       110,        99,        82
        1.238 ,       281,       113,       110,        99,        82
        1.242 ,       281,       113,       110,       100,        83
        1.247 ,       281,       113,       110,       100,        82
        1.251 ,       280,       113,       110,       100,        83
        1.256 ,       280,       113,       110,       100,        83
        1.260 ,       280,       113,       110,       100,        83
        1.265 ,       280,       113,       110,        99,        82
        1.269 ,       279,       113,       110,        99,        82
        1.274 ,       279,       113,       110,        99,        82
        1.278 ,       280,       113,       110,       100,        82
        1.283 ,       279,       113,       110,        99,        82
        1.287 ,       279,       113,       110,       100,        82
        1.292 ,       279,       113,       110,        99,        82
        1.296 ,       280,       113,       110,       100,        83
        1.301 ,       281,       114,       110,       100,        83
        1.305 ,       281,       114,       110,       100,        82
        1.310 ,       281,       113,       110,       100,        82
        1.314 ,       281,       113,       110,       100,        82
        1.319 ,       282,       113,       110,        99,        83
        1.323 ,       282,       113,       110,        99,        83
        1.328 ,       281,       113,       110,        99,        83
        1.332 ,       281,       114,       110,       100,        83
        1.337 ,       281,       113,       110,       100,        83
        1.341 ,       280,       113,       110,        99,        83
        1.346 ,       280,       113,       110,        99,        83
        1.350 ,       279,       113,       110,       100,        83
        1.355 ,       279,       113,       110,        99,        83
        1.359 ,       279,       113,       110,       100,        83
        1.364 ,       279,       113,       110,        99,        82
        1.368 ,       280,       113,       110,        99,        82
        1.373 ,       280,       113,       110,       100,        82
        1.377 ,       280,       113,       110,       100,        82
        1.382 ,       281,       113,       110,        99,        83
        1.386 ,       281,       113,       110,       100,        82
        1.391 ,       281,       113,       110,       100,        82
        1.395 ,       281,       113,       110,       100,        83
        1.400 ,       281,       113,       110,        99,        83
        1.404 ,       281,       113,       110,       100,        82
        1.409 ,       280,       113,       110,        99,        83
        1.413 ,       280,       113,       109,       100,        82
        1.418 ,       280,       113,       110,        99,        82
        1.422 ,       279,       113,       110,        99,        82
        1.427 ,       279,       113,       110,        99,        82
        1.431 ,       280,       113,       110,       100,        82
        1.436 ,       279,       113,       110,        99,        82
        1.440 ,       281,       113,       110,        99,        82
        1.445 ,       281,       113,       110,        99,        82
        1.449 ,       281,       113,       110,       100,        83
        1.454 ,       281,       113,       110,        99,        82
        1.458 ,       280,       113,       110,       100,        82
        1.463 ,       280,       113,       109,        99,        83
        1.467 ,       280,       113,       110,       100,        83
        1.472 ,       281,       113,       110,        99,        82
        1.476 ,       281,       113,       110,        99,        82
        1.481 ,       280,       113,       110,        99,        82
        1.485 ,       280,       113,       110,       100,        82
        1.490 ,       280,       113,       110,        99,        82
        1.494 ,       280,       113,       109,        99,        82
        1.499 ,       282,       113,       110,        99,        82
        1.503 ,       282,       113,       110,       100,        82
        1.508 ,       280,       113,       110,        99,        82
        1.512 ,       280,       113,       110,       100,        82
        1.517 ,       280,       113,       110,        99,        82
        1.521 ,       281,       113,       110,       100,        82
        1.526 ,       281,       112,       110,        99,        82
        1.530 ,       281,       112,       110,       100,        82
        1.535 ,       281,       113,       110,        99,        82
        1.539 ,       280,       113,       110,       100,        82
        1.544 ,       280,       113,       110,       100,        83
        1.548 ,       279,       113,       110,       100,        83
        1.553 ,       279,       113,       110,        99,        82
        1.557 ,       279,       113,       110,        99,        82
        1.562 ,       281,       113,       110,        99,        83
        1.566 ,       281,       113,       110,       100,        82
        1.571 ,       281,       113,       110,        99,        82
        1.575 ,       281,       113,       110,       100,        82
        1.580 ,       280,       113,       110,        99,        82
        1.584 ,       280,       113,       110,       100,        83
        1.589 ,       280,       113,       110,        99,        82
        1.593 ,       281,       113,       110,       100,        82
        1.598 ,       281,       113,       110,        99,        82
        1.602 ,       282,       112,       110,       100,        83
        1.607 ,       281,       113,       110,        99,        83
        1.611 ,       280,       113,       110,       100,        82
        1.616 ,       280,       113,       110,        99,        82
        1.620 ,       280,       113,       110,        99,        82
        1.625 ,       280,       113,       110,        99,        82
        1.629 ,       281,       113,       110,       100,        83
        1.634 ,       281,       113,       110,        99,        82
        1.638 ,       280,       113,       110,        99,        82
        1.643 ,       280,       113,       110,       100,        82
        1.647 ,       280,       113,       110,       100,        82
        1.652 ,       280,       113,       110,        99,        82
        1.656 ,       280,       113,       110,       100,        82
        1.661 ,       282,       112,       110,        99,        83
        1.665 ,       282,       113,       110,       100,        82
        1.670 ,       281,       113,       110,        99,        83
        1.674 ,       281,       113,       110,        99,        82
        1.679 ,       280,       113,       110,        99,        82
        1.683 ,       280,       113,       110,       100,        82
        1.688 ,       280,       113,       110,        99,        82
        1.692 ,       280,       113,       110,        99,        82
        1.697 ,       280,       113,       110,        99,        82
        1.701 ,       281,       113,       110,       100,        82
        1.706 ,       280,       113,       110,        99,        82
        1.710 ,       280,       113,       110,        99,        83
        1.715 ,       280,       113,       110,        99,        82
        1.719 ,       280,       113,       110,       100,        82
        1.724 ,       280,       113,       110,        99,        83
        1.728 ,       281,       113,       110,       100,        83
        1.733 ,       280,       113,       110,        99,        82
        1.737 ,       280,       113,       109,       100,        82
        1.742 ,       282,       113,       110,        99,        83
        1.746 ,       282,       113,       110,       100,        83
        1.751 ,       280,       113,       110,       100,        83
        1.755 ,       280,       113,       110,       100,        83
        1.760 ,       280,       113,       110,        99,        83
        1.764 ,       280,       112,       110,       100,        83
        1.769 ,       280,       112,       110,       100,        83
        1.773 ,       280,       113,       110,        99,        83
        1.778 ,       280,       113,       110,        99,        83
        1.782 ,       280,       113,       110,       100,        82
        1.787 ,       280,       113,       110,       100,        82
        1.791 ,       280,       113,       110,       100,        82
        1.796 ,       280,       113,       110,        99,        82
        1.800 ,       282,       113,       110,        99,        82
        1.805 ,       282,       113,       110,       100,        82
        1.809 ,       280,       113,       110,       100,        82
        1.814 ,       280,       113,       110,       100,        82
        1.818 ,       280,       113,       110,       100,        82
        1.823 ,       280,       112,       110,       100,        82
        1.827 ,       280,       113,       110,       100,        82
        1.832 ,       281,       113,       110,       100,        82
        1.836 ,       281,       113,       110,       100,        82
        1.841 ,       281,       113,       110,        99,        82
        1.845 ,       281,       113,       110,       100,        82
        1.850 ,       280,       113,       110,       100,        82
        1.854 ,       280,       113,       110,       100,        82
        1.859 ,       280,       113,       110,        99,        83
        1.863 ,       280,       113,       110,       100,        82
        1.868 ,       282,       113,       110,       100,        82
        1.872 ,       282,       113,       110,       100,        83
        1.877 ,       282,       113,       110,       100,        83
        1.881 ,       280,       113,       110,       100,        82
        1.886 ,       280,       113,       110,       100,        82
        1.890 ,       279,       113,       110,       100,        82
        1.895 ,       280,       113,       110,       100,        83
        1.899 ,       282,       113,       110,       100,        83
        1.904 ,       282,       113,       110,       100,        82
        1.908 ,       282,       113,       110,       100,        82
        1.913 ,       282,       113,       110,       100,        83
        1.917 ,       282,       113,       110,       100,        83
        1.922 ,       280,       113,       110,       100,        82
        1.926 ,       280,       113,       110,       100,        82
        1.931 ,       280,       113,       110,        99,        83
        1.935 ,       280,       113,       110,       100,        83
        1.940 ,       281,       113,       110,       100,        82
        1.944 ,       281,       113,       110,       100,        82
        1.949 ,       280,       113,       110,       100,        82
        1.953 ,       280,       113,       110,       100,        83
        1.958 ,       280,       113,       110,       100,        83
        1.962 ,       280,       113,       110,       100,        82
        1.967 ,       280,       113,       110,       100,        82
        1.971 ,       282,       113,       110,       100,        83
        1.976 ,       282,       113,       110,       100,        82
        1.980 ,       281,       113,       110,       100,        82
        1.985 ,       281,       113,       110,       100,        82
        1.989 ,       281,       113,       110,       100,        82
        1.994 ,       281,       113,       110,        99,        82
        1.998 ,       280,       113,       110,       100,        83
        2.003 ,       280,       113,       110,        99,        83
        2.007 ,       280,       113,       110,       100,        82
        2.012 ,       280,       113,       110,        99,        83
        2.016 ,       281,       113,       110,        99,        83
        2.021 ,       280,       113,       110,       100,        82
        2.025 ,       280,       113,       110,       100,        82
        2.030 ,       280,       113,       110,       100,        82
        2.034 ,       280,       113,       110,       100,        83
        2.039 ,       280,       113,       110,        99,        82
        2.043 ,       280,       113,       110,        99,        83
        2.048 ,       280,       113,       110,       100,        82
        2.052 ,       280,       113,       110,       100,        82
        2.057 ,       280,       113,       110,        99,        82
        2.061 ,       280,       113,       110,       100,        82
        2.066 ,       280,       113,       110,       100,        82
        2.070 ,       282,       113,       110,       100,        82
        2.075 ,       282,       113,       110,        99,        83
        2.079 ,       281,       113,       110,        99,        83
        2.084 ,       281,       113,       110,       100,        82
        2.088 ,       280,       113,       110,       100,        82
        2.093 ,       280,       113,       110,        99,        82
        2.097 ,       280,       113,       110,       100,        82